00000000000000000000000000000000
01110010101101000000000000000000
00000000000000000000000000000000
01110010101101000000000000000000
00000000000000000000000000000000
01110010101101000000000000000000
00000000000000000000000000000000
01110010101101000000000000000000
00000000000000000000000000000000
01110010101101000000000000000000
00000000000000000000000000000000
01110010101101000000000000000000
00000000000000000000000000000000
01110010101101000000000000000000
00000000000000000000000000000000
01110010101101000000000000000000
00000000000000000000000000000000
01110010101101000000100000000000
00000000000000000000000000000000
01110010101101000000100000000000
00000000000000000000000000000000
01110010101101000000011000000000
00000000000000000000000000000000
01110010101101000000001100000000
00000000000000000000000000000000
01110010101101000000100000000000
00000000000000000000000000000000
01110010101101000000100000000000
00000000000000000000000000000000
01110010101101000000011000000000
00000000000000000000000000000000
01110010101101000000001100000000
00000000000000000000000000000000
01101000000000010000000000000000
00000000000000000000000000000000
01110001000000010010100000000000
00000000000000000000000000000000
01101111000001010000000000000000
00000000000000000000000000000000
01101101000000010010100000000000
00000000000000000000000000000000
01101000101001010000000100000000
00000000000000000000000000000000
00000001001010000000000000000000
00000000000000000000000000000000
00000101000000000000000000000000
00000000000000000000000000000000
01101000000000010010100000000000
00000000011010000000000000000000
01101000000000010000000000000000
00000000000000000000000000000000
01110001000000010010100000000000
00000000000000000000000000000000
01101111000001010000000000000000
00000000000000000000000000000000
01101101000000010010100000000000
00000000000000000000000000000000
01101010101001100000011000000000
00000000000000000000000000000000
00000001000000000000000000000000
00000000000000000000000000000000
00000110000000000000000000000000
00000000000000000000000000000000
00000101000000000000000000000000
00000000000000000000000000000000
01101010000000110000000000000000
00000000000000000000000000000000
01110010000000110000000000000000
00000000000000000000000000000000
01110001000001100000000000000000
00000000000000000000000000000000
01101111000000110000000000000000
00000000000000000000000000000000
01101100101010000000100000000000
00000000000000000000000000000000
00001000000000000000000000000000
00000000000000000000000000000000
00000110000000000000000000000000
00000000000000000000000000000000
00000011000000000000000000000000
00000000000000000000000000000000
01110100101010000001100100000000
00000000000000000000000000000000
01110100000010000010011000000000
00000000000000000000000000000000
01110010000110010000000000000000
00000000000000000000000000000000
01101111000010000010011000000000
00000000000000000000000000000000
01110001101011010000000100000000
00000000000000000000000000000000
00011001000000000000000000000000
00000000000000000000000000000000
00001010000000000000000000000000
00000000000000000000000000000000
00001000000000000000000000000000
00000000000000000000000000000000
01101000000000010000000000000000
00000000000000000000000000000000
01110001000000010010100000000000
00000000000000000000000000000000
01101111000001010000000000000000
00000000000000000000000000000000
01101101000000010010100000000000
00000000000000000000000000000000
01101000101001010000000100000000
00000000000000000000000000000000
00000001001010000000000000000000
00000000000000000000000000000000
00000101000000000000000000000000
00000000000000000000000000000000
00000001001010000000000000000000
00000000000000000000000000000000
01101000000000010000000000000000
00000000000000000000000000000000
01110001000000010010100000000000
00000000000000000000000000000000
01101111000001010000000000000000
00000000000000000000000000000000
01101101000000010010100000000000
00000000000000000000000000000000
01101010101001100000011000000000
00000000000000000000000000000000
00000001001010100000000000000000
00000000000000000000000000000000
00000110000000000000000000000000
00000000000000000000000000000000
00000101000000000000000000000000
01101010000000000000000000000000
00000000011010100000001100000000
00000000000000000000000000000000
01110010000000110010101000000000
00000000000000000000000000000000
01110001000001100000000000000000
00000000000000000000000000000000
01101111000000110010101000000000
00000000000000000000000000000000
01110100101011010000010100000000
00000000000000000000000000000000
01110100000000010010100000000000
00000000000000000000000000000000
01110100000001010000000000000000
00000000000000000000000000000000
01110100000000010010100000000000
00000000000000000000000000000000
01110110101011000000001100000000
00000000000000000000000000000000
01110100000000000000000000000000
00000000000000000000000000000000
01110010000010000000000000000000
00000000000000000000000000000000
01101111000000000000000000000000
00000000000000000000000000000000
01101101101010000000000100000000
00000000000000000000000000000000
00000000000000000000000000000000
00000000000000000000000000000000
01110100101011110000011000101000
00000000000000000000000000000000
00000000000000000000000000000000
00000000000000000000000000000000
01110001101011010000100000000001
00000000000000000000000000000000
01110001101011010000100000011001
00000000000000000000000000000000
01110001101011010000100000001010
00000000000000000000000000000000
00001000000000000000000000000000
00000000000000000000000000000000
01110001101011010000100000000001
00000000000000000000000000000000
01110001101011010000100000011001
00000000000000000000000000000000
01110001101011010000100000001010
00000000000000000000000000000000
00001000000000000000000000000000
00000000000000000000000000000000
01110001101011010000100000000001
00000000000000000000000000000000
01110100000110010000000000000000
00000000000000000000000000000000
01101101000010100000000000000000
00000000000000000000000000000000
00001000000000000000000000000000
01101111000000000000000000000000
01110001101011010000100000000001
00000000000000000000000000000000
00011001000000000000000000000000
00000000000000000000000000000000
00001010000000000000000000000000
00000000000000000000000000000000
00001000000000000000000000000000
00000000000000000000000000000000
01110010000001100000000000000000
00000000000000000000000000000000
01110010101011010000101000000000
00000000000000000000000000000000
01110010000001100000000000000000
00000000000000000000000000000000
10101101000010100000000000000000
01110010000000000000000000000000
00000000011100100000000100000000
00000000000000000000000000000000
01110001101011010000100000000000
00000000000000000000000000000000
01110001000110010000000000000000
00000000000000000000000000000000
01110001101011010000100000000000
00000000011100010000000000000000
01110001000010100000000000000000
00000000000000000000000000000000
01101111101011010000011100000000
00000000000000000000000000000000
01101111000000110000000000000000
00000000000000000000000000000000
01110001101011010000011100000000
00000000000000000000000000000000
01101111000010000000000000000000
00000000000000000000000000000000
10101100000001100000000000000000
00000000000000000000000000000000
01110100101011110000110000101000
00000000000000000000000000000000
00000000000000000000000000000000
00000000000000000000000000000000
01110001101011010000100000000001
00000000000000000000000000000000
01110001101011010000100000011001
00000000000000000000000000000000
01110001101011010000100000001010
00000000000000000000000000000000
00001000000000000000000000000000
00000000000000000000000000000000
01110001101011010000100000000001
00000000000000000000000000000000
01110001101011010000100000011001
00000000000000000000000000000000
01110001101011010000100000001010
00000000000000000000000000000000
00001000000000000000000000000000
00000000000000000000000000000000
01110001101011010000100000000001
00000000000000000000000000000000
01110100000110010000000000000000
00000000000000000000000000000000
01101101000010100000000000000000
00000000000000000000000000000000
00001000000000000000000000000000
01101111000000000000000000000000
01110001101011010000100000000001
00000000000000000000000000000000
00011001000000000000000000000000
00000000000000000000000000000000
00001010000000000000000000000000
00000000000000000000000000000000
00001000000000000000000000000000